[0, 0, 'Linear SVC', 0.9112751821688813, array([0.98869048, 0.70039387]), array([0.89989186, 0.95786739]), array([0.94220358, 0.80914204]), array([749969, 183231]), array([[674891,  75078],       [  7720, 175511]]), 411.7389039993286, 0.08142900466918945]
[0, 1, 'AdaBoost', 0.9874389198456922, array([0.99809196, 0.94634743]), array([0.98625543, 0.99228297]), array([0.99213839, 0.96877098]), array([749969, 183231]), array([[739661,  10308],       [  1414, 181817]]), 2170.4828226566315, 8.368554830551147]
[0, 2, 'Decision Tree', 0.9261605229318474, array([0.99688327, 0.73061654]), array([0.91096832, 0.98834258]), array([0.95199132, 0.84015894]), array([749969, 183231]), array([[683198,  66771],       [  2136, 181095]]), 44.56497287750244, 0.12401485443115234]
[0, 3, 'Random Forest', 0.9386980282897557, array([0.99075811, 0.77710737]), array([0.93241854, 0.96440013]), array([0.96070346, 0.86068243]), array([749969, 183231]), array([[699285,  50684],       [  6523, 176708]]), 1458.4946258068085, 4.42433762550354]
[0, 4, 'Bernoulli NB', 0.6659858551221604, array([0.92872445, 0.34780878]), array([0.63295683, 0.80117447]), array([0.75283285, 0.48504713]), array([749969, 183231]), array([[474698, 275271],       [ 36431, 146800]]), 2.096623659133911, 0.5233948230743408]
[0, 5, 'Gaussian NB', 0.4732972567509644, array([0.98925513, 0.26961592]), array([0.3483984 , 0.98451135]), array([0.51531267, 0.42330621]), array([749969, 183231]), array([[261288, 488681],       [  2838, 180393]]), 2.496795654296875, 0.7585709095001221]
[1, 0, 'Linear SVC', 0.9122813973424775, array([0.98860047, 0.70373259]), array([0.90116869, 0.95761194]), array([0.94286203, 0.81127391]), array([749469, 183731]), array([[675398,  74071],       [  7788, 175943]]), 548.8340351581573, 0.07720232009887695]
[1, 1, 'AdaBoost', 0.9875160737248179, array([0.99769037, 0.94822799]), array([0.98673995, 0.99068203]), array([0.99218494, 0.96899023]), array([749469, 183731]), array([[739531,   9938],       [  1712, 182019]]), 2021.4549748897552, 8.379628419876099]
[1, 2, 'Decision Tree', 0.9260490784397771, array([0.99692987, 0.73078966]), array([0.91072479, 0.98855936]), array([0.95187957, 0.84035173]), array([749469, 183731]), array([[682560,  66909],       [  2102, 181629]]), 38.674792528152466, 0.12355828285217285]
[1, 3, 'Random Forest', 0.9289723531933133, array([0.99235508, 0.74529043]), array([0.91863706, 0.97113171]), array([0.95407421, 0.84335333]), array([749469, 183731]), array([[688490,  60979],       [  5304, 178427]]), 1260.5495026111603, 4.42354154586792]
[1, 4, 'Bernoulli NB', 0.665899057008144, array([0.92858794, 0.34849001]), array([0.63264791, 0.80153594]), array([0.75256947, 0.48577559]), array([749469, 183731]), array([[474150, 275319],       [ 36464, 147267]]), 2.1381096839904785, 0.5739712715148926]
[1, 5, 'Gaussian NB', 0.457038148306901, array([0.98632239, 0.26377753]), array([0.32848724, 0.98141849]), array([0.49283837, 0.41579983]), array([749469, 183731]), array([[246191, 503278],       [  3414, 180317]]), 2.585611581802368, 0.7920031547546387]
[2, 0, 'Linear SVC', 0.9120735105015002, array([0.98857891, 0.70298812]), array([0.9009547, 0.9574868]), array([0.94273509, 0.81073413]), array([749657, 183543]), array([[675407,  74250],       [  7803, 175740]]), 699.7636241912842, 0.08191847801208496]
[2, 1, 'AdaBoost', 0.9888491213030433, array([0.99816839, 0.95269072]), array([0.98793181, 0.99259574]), array([0.99302372, 0.97223393]), array([749657, 183543]), array([[740610,   9047],       [  1359, 182184]]), 1183.9737057685852, 8.326764583587646]
[2, 2, 'Decision Tree', 0.9260726532361766, array([0.99687132, 0.73072678]), array([0.91083122, 0.98832426]), array([0.95191101, 0.8402252 ]), array([749657, 183543]), array([[682811,  66846],       [  2143, 181400]]), 35.07924032211304, 0.12334680557250977]
[2, 3, 'Random Forest', 0.9386680240034291, array([0.99069106, 0.77742684]), array([0.93241309, 0.96421547]), array([0.96066904, 0.86080475]), array([749657, 183543]), array([[698990,  50667],       [  6568, 176975]]), 861.8964004516602, 4.361448526382446]
[2, 4, 'Bernoulli NB', 0.6654629232747535, array([0.92840117, 0.3477979 ]), array([0.63232118, 0.80082596]), array([0.75227695, 0.48497266]), array([749657, 183543]), array([[474024, 275633],       [ 36557, 146986]]), 2.4364984035491943, 0.529186487197876]
[2, 5, 'Gaussian NB', 0.4306161594513502, array([0.98583713, 0.25455734]), array([0.29545512, 0.98266346]), array([0.45465135, 0.40436468]), array([749657, 183543]), array([[221490, 528167],       [  3182, 180361]]), 3.14081072807312, 0.7507762908935547]
[3, 0, 'Linear SVC', 0.911533433347621, array([0.98836541, 0.7024271 ]), array([0.90039446, 0.95686541]), array([0.94233127, 0.81013828]), array([749125, 184075]), array([[674508,  74617],       [  7940, 176135]]), 369.1318430900574, 0.07701587677001953]
[3, 1, 'AdaBoost', 0.9868259751393056, array([0.99757705, 0.94553405]), array([0.98598365, 0.99025397]), array([0.99174647, 0.96737746]), array([749125, 184075]), array([[738625,  10500],       [  1794, 182281]]), 1351.4775865077972, 8.26123571395874]
[3, 2, 'Decision Tree', 0.9260105015002144, array([0.99695141, 0.73102631]), array([0.91061438, 0.98866766]), array([0.95182907, 0.84054731]), array([749125, 184075]), array([[682164,  66961],       [  2086, 181989]]), 29.95108413696289, 0.12130856513977051]
[3, 3, 'Random Forest', 0.9386487355336477, array([0.99069911, 0.77785762]), array([0.93232638, 0.96437865]), array([0.9606268 , 0.86113382]), array([749125, 184075]), array([[698429,  50696],       [  6557, 177518]]), 730.3741946220398, 4.355270624160767]
[3, 4, 'Bernoulli NB', 0.6661733819117017, array([0.92808928, 0.34902415]), array([0.63320808, 0.80033139]), array([0.75280167, 0.48607237]), array([749125, 184075]), array([[474352, 274773],       [ 36754, 147321]]), 2.2666473388671875, 0.5278220176696777]
[3, 5, 'Gaussian NB', 0.4422428204029147, array([0.98525716, 0.25888009]), array([0.3098268 , 0.98113269]), array([0.47141202, 0.40966629]), array([749125, 184075]), array([[232099, 517026],       [  3473, 180602]]), 2.956317186355591, 0.8061532974243164]
[4, 0, 'Linear SVC', 0.9115055722246035, array([0.98854092, 0.70116845]), array([0.90032108, 0.95728366]), array([0.94237083, 0.80945008]), array([749968, 183232]), array([[675212,  74756],       [  7827, 175405]]), 569.7234733104706, 0.07672691345214844]
[4, 1, 'AdaBoost', 0.9861444492070296, array([0.99845264, 0.93920794]), array([0.98428466, 0.99375655]), array([0.99131803, 0.96571256]), array([749968, 183232]), array([[738182,  11786],       [  1144, 182088]]), 1039.438570022583, 8.261409521102905]
[4, 2, 'Decision Tree', 0.92587441063009, array([0.99688931, 0.7298222 ]), array([0.91060552, 0.98836994]), array([0.95179593, 0.83964337]), array([749968, 183232]), array([[682925,  67043],       [  2131, 181101]]), 29.447593688964844, 0.12233114242553711]
[4, 3, 'Random Forest', 0.938300471495928, array([0.99039453, 0.77646888]), array([0.93226778, 0.96299227]), array([0.9604525 , 0.85973007]), array([749968, 183232]), array([[699171,  50797],       [  6781, 176451]]), 738.3053982257843, 4.3427574634552]
[4, 4, 'Bernoulli NB', 0.6662998285469353, array([0.92870479, 0.348026  ]), array([0.63339502, 0.80097909]), array([0.75313624, 0.48522248]), array([749968, 183232]), array([[475026, 274942],       [ 36467, 146765]]), 2.446922779083252, 0.5214099884033203]
[4, 5, 'Gaussian NB', 0.44031397342477496, array([0.9880469 , 0.25779372]), array([0.30728911, 0.98478432]), array([0.46878347, 0.40862014]), array([749968, 183232]), array([[230457, 519511],       [  2788, 180444]]), 3.144662857055664, 0.7535772323608398]
[5, 0, 'Linear SVC', 0.9116834547792542, array([0.98856169, 0.70255617]), array([0.90040619, 0.95759005]), array([0.94242689, 0.81048379]), array([749163, 184037]), array([[674551,  74612],       [  7805, 176232]]), 296.09825348854065, 0.07705140113830566]
[5, 1, 'AdaBoost', 0.9878911273039006, array([0.99819321, 0.9482926 ]), array([0.98670249, 0.99272972]), array([0.99241459, 0.9700025 ]), array([749163, 184037]), array([[739201,   9962],       [  1338, 182699]]), 1033.9353158473969, 8.277140855789185]
[5, 2, 'Decision Tree', 0.9261937419631376, array([0.99685361, 0.73161441]), array([0.91093794, 0.98829583]), array([0.95196121, 0.8408014 ]), array([749163, 184037]), array([[682441,  66722],       [  2154, 181883]]), 30.155953645706177, 0.12353777885437012]
[5, 3, 'Random Forest', 0.926430561508787, array([0.99060472, 0.74072019]), array([0.91705543, 0.96459408]), array([0.95241224, 0.83796203]), array([749163, 184037]), array([[687024,  62139],       [  6516, 177521]]), 732.3003907203674, 4.344332695007324]
[5, 4, 'Bernoulli NB', 0.6659783540505787, array([0.92842956, 0.34896893]), array([0.63269676, 0.8014584 ]), array([0.75255201, 0.48622642]), array([749163, 184037]), array([[473993, 275170],       [ 36539, 147498]]), 2.2786309719085693, 0.5249361991882324]
[5, 5, 'Gaussian NB', 0.5076371624517788, array([0.98815052, 0.28362489]), array([0.39137811, 0.98089515]), array([0.56068497, 0.44001877]), array([749163, 184037]), array([[293206, 455957],       [  3516, 180521]]), 3.007310152053833, 0.8049867153167725]
[6, 0, 'Linear SVC', 0.9119824260608659, array([0.9887442 , 0.70311727]), array([0.90061534, 0.95825997]), array([0.94262439, 0.81109711]), array([749180, 184020]), array([[674723,  74457],       [  7681, 176339]]), 357.66516947746277, 0.07636523246765137]
[6, 1, 'AdaBoost', 0.9879554222031719, array([0.99820954, 0.94852758]), array([0.98676687, 0.99279426]), array([0.99245522, 0.97015623]), array([749180, 184020]), array([[739266,   9914],       [  1326, 182694]]), 1030.2138278484344, 8.251977443695068]
[6, 2, 'Decision Tree', 0.9263984140591514, array([0.99688359, 0.73212122]), array([0.91116821, 0.98840343]), array([0.95210061, 0.84117496]), array([749180, 184020]), array([[682629,  66551],       [  2134, 181886]]), 29.897309064865112, 0.11911535263061523]
[6, 3, 'Random Forest', 0.9298328332618946, array([0.99192571, 0.74874306]), array([0.9200873 , 0.96950875]), array([0.95465694, 0.84494362]), array([749180, 184020]), array([[689311,  59869],       [  5611, 178409]]), 728.4759392738342, 4.343808174133301]
[6, 4, 'Bernoulli NB', 0.6661208744106301, array([0.92855128, 0.34909544]), array([0.63280253, 0.80176611]), array([0.75266682, 0.48640585]), array([749180, 184020]), array([[474083, 275097],       [ 36479, 147541]]), 1.9353320598602295, 0.5233690738677979]
[6, 5, 'Gaussian NB', 0.4357651093013288, array([0.98674246, 0.25690277]), array([0.30122   , 0.98352353]), array([0.46154538, 0.40739207]), array([749180, 184020]), array([[225668, 523512],       [  3032, 180988]]), 2.45505428314209, 0.7455010414123535]
[7, 0, 'Linear SVC', 0.9116063009001286, array([0.98874751, 0.7016824 ]), array([0.90019451, 0.95818495]), array([0.94239535, 0.81011475]), array([749558, 183642]), array([[674748,  74810],       [  7679, 175963]]), 316.24880743026733, 0.07690143585205078]
[7, 1, 'AdaBoost', 0.9871581654522075, array([0.998412  , 0.94407479]), array([0.9855795 , 0.99360168]), array([0.99195425, 0.96820529]), array([749558, 183642]), array([[738749,  10809],       [  1175, 182467]]), 1057.754732131958, 8.27647852897644]
[7, 2, 'Decision Tree', 0.9263426918131161, array([0.99702437, 0.73138061]), array([0.91101556, 0.98890232]), array([0.95208145, 0.84086631]), array([749558, 183642]), array([[682859,  66699],       [  2038, 181604]]), 30.665919065475464, 0.1221456527709961]
[7, 3, 'Random Forest', 0.9395992284612087, array([0.99080821, 0.78031151]), array([0.93346079, 0.96465406]), array([0.96127996, 0.86274558]), array([749558, 183642]), array([[699683,  49875],       [  6491, 177151]]), 754.4640500545502, 4.364483594894409]
[7, 4, 'Bernoulli NB', 0.6660640805829404, array([0.92874779, 0.34853359]), array([0.63279693, 0.80184816]), array([0.7527274 , 0.48587526]), array([749558, 183642]), array([[474318, 275240],       [ 36389, 147253]]), 2.298161506652832, 0.5705170631408691]
[7, 5, 'Gaussian NB', 0.44290934419202743, array([0.98816988, 0.25912776]), array([0.31013477, 0.98484551]), array([0.47210158, 0.41029951]), array([749558, 183642]), array([[232464, 517094],       [  2783, 180859]]), 3.0701005458831787, 0.9877808094024658]
[8, 0, 'Linear SVC', 0.9116598799828547, array([0.9885583 , 0.70220942]), array([0.90041633, 0.95750585]), array([0.94243091, 0.81022286]), array([749410, 183790]), array([[674781,  74629],       [  7810, 175980]]), 350.92709827423096, 0.07699728012084961]
[8, 1, 'AdaBoost', 0.988953064723532, array([0.99814653, 0.95331044]), array([0.98807862, 0.99251864]), array([0.99308706, 0.97251952]), array([749410, 183790]), array([[740476,   8934],       [  1375, 182415]]), 1044.905187368393, 8.272042751312256]
[8, 2, 'Decision Tree', 0.9262708958422632, array([0.99691312, 0.73148499]), array([0.91100999, 0.98849774]), array([0.95202769, 0.84078897]), array([749410, 183790]), array([[682720,  66690],       [  2114, 181676]]), 30.510152578353882, 0.12217044830322266]
[8, 3, 'Random Forest', 0.9391513073296185, array([0.99076746, 0.77908009]), array([0.9329219 , 0.96455193]), array([0.96097497, 0.8619516 ]), array([749410, 183790]), array([[699141,  50269],       [  6515, 177275]]), 733.7280304431915, 4.340607166290283]
[8, 4, 'Bernoulli NB', 0.6669599228461208, array([0.9285738 , 0.34933793]), array([0.63405479, 0.80113173]), array([0.75355932, 0.48652426]), array([749410, 183790]), array([[475167, 274243],       [ 36550, 147240]]), 2.431907892227173, 0.5227527618408203]
[8, 5, 'Gaussian NB', 0.48655057865409346, array([0.98712343, 0.2748076 ]), array([0.36539544, 0.98056478]), array([0.53336099, 0.42930155]), array([749410, 183790]), array([[273831, 475579],       [  3572, 180218]]), 3.099947690963745, 0.7558448314666748]
[9, 0, 'Linear SVC', 0.9118313330475782, array([0.98844626, 0.70260783]), array([0.90075964, 0.95702368]), array([0.94256798, 0.81031522]), array([749564, 183636]), array([[675177,  74387],       [  7892, 175744]]), 515.4708218574524, 0.07662487030029297]
[9, 1, 'AdaBoost', 0.9882447492498928, array([0.99837786, 0.94917847]), array([0.98696842, 0.99345444]), array([0.99264036, 0.97081189]), array([749564, 183636]), array([[739796,   9768],       [  1202, 182434]]), 1037.5659914016724, 8.253598690032959]
[9, 2, 'Decision Tree', 0.9261648092584654, array([0.9969482 , 0.73098217]), array([0.91086418, 0.98861879]), array([0.95196405, 0.84050047]), array([749564, 183636]), array([[682751,  66813],       [  2090, 181546]]), 30.580723762512207, 0.12112069129943848]
[9, 3, 'Random Forest', 0.9286808829832833, array([0.99161742, 0.74540653]), array([0.9189769 , 0.96829053]), array([0.95391627, 0.84235435]), array([749564, 183636]), array([[688832,  60732],       [  5823, 177813]]), 733.6966254711151, 4.337875604629517]
[9, 4, 'Bernoulli NB', 0.6657522503214744, array([0.9281125 , 0.34802923]), array([0.63288525, 0.79990851]), array([0.75258111, 0.48502899]), array([749564, 183636]), array([[474388, 275176],       [ 36744, 146892]]), 2.2881264686584473, 0.5196497440338135]
[9, 5, 'Gaussian NB', 0.444683883411916, array([0.98570655, 0.25930834]), array([0.31317806, 0.98146333]), array([0.47533347, 0.4102312 ]), array([749564, 183636]), array([[234747, 514817],       [  3404, 180232]]), 3.0286731719970703, 0.8023295402526855]
[10, 0, 'Linear SVC', 0.9113994856408059, array([0.98853122, 0.70106234]), array([0.90017604, 0.957294  ]), array([0.94228697, 0.80938307]), array([749830, 183370]), array([[674979,  74851],       [  7831, 175539]]), 493.23327445983887, 0.08440446853637695]
[10, 1, 'AdaBoost', 0.9879232747535363, array([0.99769938, 0.94999111]), array([0.98724644, 0.99069095]), array([0.99244539, 0.96991425]), array([749830, 183370]), array([[740267,   9563],       [  1707, 181663]]), 1372.2912945747375, 8.263375759124756]
[10, 2, 'Decision Tree', 0.9261262323189027, array([0.99693762, 0.73060259]), array([0.91085846, 0.98855865]), array([0.95195611, 0.84022777]), array([749830, 183370]), array([[682989,  66841],       [  2098, 181272]]), 29.631062507629395, 0.1201019287109375]
[10, 3, 'Random Forest', 0.9274603514787827, array([0.99084844, 0.74266403]), array([0.91820146, 0.96532148]), array([0.95314269, 0.83947965]), array([749830, 183370]), array([[688495,  61335],       [  6359, 177011]]), 905.353193283081, 4.391338348388672]
[10, 4, 'Bernoulli NB', 0.6653332618945563, array([0.92843531, 0.34744285]), array([0.6322233 , 0.80072531]), array([0.75221888, 0.48460895]), array([749830, 183370]), array([[474060, 275770],       [ 36541, 146829]]), 2.4275100231170654, 0.5212483406066895]
[10, 5, 'Gaussian NB', 0.4247524646378054, array([0.9910825 , 0.25328797]), array([0.28665564, 0.98945302]), array([0.4446911 , 0.40332869]), array([749830, 183370]), array([[214943, 534887],       [  1934, 181436]]), 3.098311185836792, 0.7614588737487793]
[11, 0, 'Linear SVC', 0.9113962708958423, array([0.98868779, 0.70093711]), array([0.90001867, 0.95790535]), array([0.94227186, 0.809518  ]), array([749780, 183420]), array([[674816,  74964],       [  7721, 175699]]), 465.1130328178406, 0.08160400390625]
[11, 1, 'AdaBoost', 0.9875192884697814, array([0.99739488, 0.94919483]), array([0.9870442 , 0.98946135]), array([0.99219254, 0.96890991]), array([749780, 183420]), array([[740066,   9714],       [  1933, 181487]]), 1352.4101054668427, 8.286378622055054]
[11, 2, 'Decision Tree', 0.9264509215602229, array([0.99694165, 0.73154633]), array([0.91125397, 0.98857267]), array([0.9521739, 0.8408566]), array([749780, 183420]), array([[683240,  66540],       [  2096, 181324]]), 29.609118461608887, 0.12054562568664551]
[11, 3, 'Random Forest', 0.9388201885983712, array([0.99070567, 0.7777724 ]), array([0.9326029 , 0.96423509]), array([0.96077665, 0.86102436]), array([749780, 183420]), array([[699247,  50533],       [  6560, 176860]]), 897.5508694648743, 4.378940582275391]
[11, 4, 'Bernoulli NB', 0.6664991427346764, array([0.92872798, 0.34848021]), array([0.6335325, 0.8012594]), array([0.75324105, 0.48571528]), array([749780, 183420]), array([[475010, 274770],       [ 36453, 146967]]), 2.2822823524475098, 0.5224814414978027]
[11, 5, 'Gaussian NB', 0.47161273039005575, array([0.98700752, 0.26878594]), array([0.3469191 , 0.98133246]), array([0.5133892 , 0.42198942]), array([749780, 183420]), array([[260113, 489667],       [  3424, 179996]]), 2.9440484046936035, 0.8076584339141846]
[12, 0, 'Linear SVC', 0.9115623660522932, array([0.9886059, 0.7015666]), array([0.90029132, 0.95760902]), array([0.94238406, 0.8098317 ]), array([749694, 183506]), array([[674943,  74751],       [  7779, 175727]]), 444.4584126472473, 0.0774388313293457]
[12, 1, 'AdaBoost', 0.98924882126018, array([0.99818148, 0.95450091]), array([0.98841794, 0.99264329]), array([0.99327572, 0.97319852]), array([749694, 183506]), array([[741011,   8683],       [  1350, 182156]]), 1029.670860528946, 8.267982721328735]
[12, 2, 'Decision Tree', 0.9259676382340334, array([0.99690587, 0.73035373]), array([0.91067289, 0.98845269]), array([0.95184028, 0.84002492]), array([749694, 183506]), array([[682726,  66968],       [  2119, 181387]]), 29.696049213409424, 0.12069129943847656]
[12, 3, 'Random Forest', 0.9250096442348907, array([0.99221537, 0.73384362]), array([0.91382351, 0.9707094 ]), array([0.95140738, 0.835819  ]), array([749694, 183506]), array([[685088,  64606],       [  5375, 178131]]), 728.3350808620453, 4.346201181411743]
[12, 4, 'Bernoulli NB', 0.6661219459922846, array([0.92846567, 0.3482361 ]), array([0.633181  , 0.80069861]), array([0.75290632, 0.48537512]), array([749694, 183506]), array([[474692, 275002],       [ 36573, 146933]]), 2.0796308517456055, 0.5262131690979004]
[12, 5, 'Gaussian NB', 0.4436519502786112, array([0.9864558 , 0.25894622]), array([0.31175253, 0.98251283]), array([0.47377618, 0.40986931]), array([749694, 183506]), array([[233719, 515975],       [  3209, 180297]]), 2.395132541656494, 0.7494006156921387]
[13, 0, 'Linear SVC', 0.911531290184312, array([0.98850858, 0.70245614]), array([0.90023326, 0.95745836]), array([0.94230803, 0.81037005]), array([748957, 184243]), array([[674236,  74721],       [  7838, 176405]]), 388.62764835357666, 0.0774238109588623]
[13, 1, 'AdaBoost', 0.988421560222889, array([0.9974593, 0.9533663]), array([0.9880901 , 0.98976895]), array([0.9927526 , 0.97122664]), array([748957, 184243]), array([[740037,   8920],       [  1885, 182358]]), 1189.5021209716797, 8.284527778625488]
[13, 2, 'Decision Tree', 0.9263009001285898, array([0.99693589, 0.73202452]), array([0.91097086, 0.98861829]), array([0.9520167 , 0.84118891]), array([748957, 184243]), array([[682278,  66679],       [  2097, 182146]]), 29.41314196586609, 0.1203773021697998]
[13, 3, 'Random Forest', 0.939103086155165, array([0.99073867, 0.77940441]), array([0.93284261, 0.96455225]), array([0.96091936, 0.86215018]), array([748957, 184243]), array([[698659,  50298],       [  6531, 177712]]), 731.6788067817688, 4.344741106033325]
[13, 4, 'Bernoulli NB', 0.6661326618088298, array([0.92813235, 0.34928241]), array([0.63301765, 0.80074684]), array([0.75268124, 0.48639943]), array([748957, 184243]), array([[474103, 274854],       [ 36711, 147532]]), 2.1042163372039795, 0.5246832370758057]
[13, 5, 'Gaussian NB', 0.4571549507072439, array([0.98729362, 0.26454553]), array([0.32783458, 0.98284874]), array([0.49222423, 0.41688221]), array([748957, 184243]), array([[245534, 503423],       [  3160, 181083]]), 2.4253673553466797, 0.7559788227081299]
[14, 0, 'Linear SVC', 0.9115720102871839, array([0.98858028, 0.70182236]), array([0.90030179, 0.9575616 ]), array([0.94237815, 0.8099851 ]), array([749522, 183678]), array([[674796,  74726],       [  7795, 175883]]), 345.0412871837616, 0.08224225044250488]
[14, 1, 'AdaBoost', 0.9895970852978997, array([0.9980182 , 0.95675324]), array([0.98901166, 0.99198598]), array([0.99349452, 0.97405111]), array([749522, 183678]), array([[741286,   8236],       [  1472, 182206]]), 1037.7235596179962, 8.359991788864136]
[14, 2, 'Decision Tree', 0.9263641234462066, array([0.99685599, 0.73169493]), array([0.91119273, 0.98827296]), array([0.95210141, 0.84084629]), array([749522, 183678]), array([[682959,  66563],       [  2154, 181524]]), 29.930074453353882, 0.12349128723144531]
[14, 3, 'Random Forest', 0.9388769824260609, array([0.99055003, 0.77847461]), array([0.93279717, 0.96368645]), array([0.96080652, 0.86123545]), array([749522, 183678]), array([[699152,  50370],       [  6670, 177008]]), 721.5761070251465, 4.362285375595093]
[14, 4, 'Bernoulli NB', 0.6656911701671667, array([0.92844399, 0.34819525]), array([0.63251379, 0.8010758 ]), array([0.7524273, 0.4854047]), array([749522, 183678]), array([[474083, 275439],       [ 36538, 147140]]), 2.081385850906372, 0.5245161056518555]
[14, 5, 'Gaussian NB', 0.4547321045863695, array([0.98615533, 0.26288379]), array([0.3256809 , 0.98134235]), array([0.48965252, 0.41468184]), array([749522, 183678]), array([[244105, 505417],       [  3427, 180251]]), 2.4351279735565186, 0.8076331615447998]
